68,3
68,2
68,1
68,0
0,460
0,459
0,458
0,457
0,456
0,455
0,454
0,453
67,3
67,2
0,452
67,1
67,0
0,451
0,450
0,449
66,3
66,2
0,448
66,1
66,0
0,447
0,446
0,445
0,444
0,443
0,442
0,441
0,440
0,439
0,438
0,437
0,436
0,435
0,434
0,433
0,432
0,431
0,430
0,429
0,428
0,427
0,426
0,425
0,424
0,423
0,422
0,421
0,420
0,419
0,418
65,4
65,3
65,2
0,417
65,1
65,0
0,416
0,415
0,414
64,3
64,2
0,413
64,1
64,0
0,412
0,411
0,410
63,3
63,2
0,409
63,1
63,0
0,408
0,407
0,406
0,405
0,404
0,403
0,402
0,401
0,400
62,3
62,2
62,1
62,0
61,3
61,2
61,1
61,0
0,399
0,398
0,397
0,396
0,395
0,394
0,393
0,392
0,391
0,273
